$ANSIBLE_VAULT;1.1;AES256
36346530366536616538613438626662623030363861616434386632666262386535653439396133
3833313937323935393934353835323233373233313930610a616633623364353537393436666431
66316538383966663563336337616566393338326361343230363763396136396430626566353062
3865633132616563650a613033613730363032326338316230613465376466656261333763636132
61303831653637323865373362323134623133663065383661626264373861373037326365646566
31376231386138326636393061616634303461663665366231303062333364373438616138663432
61633435313139653534326162663136303138626634643537626331326165383666363464633435
35353535616131623933343431386332383834333861336231366533343762623933633236333462
62356232306166333739363135643064616461636639313163653832366438326432646234613130
33353935366536323833623138613430326163396664643039643862396333613332353561326665
36313836653831623963333764373438346265376234323861393864346461383563653439626262
61653665633539316531376466366334356533613038636530653865393536393739613231376334
64633364336363306339633961366466613731336661626435346335663834663266353063386566
61643737313262626334656439666465643132353136343132373866623238396539376132663235
33306236363938353263393066386663343264643139646464663634363663393461356664376335
37326365393231383765393834366330653962656361393763376163646563336235636635313364
63376233613933313931333062386431616333633630303435663066306262353865333239373333
34393034346536383565643066653261353338373530633864326535646262633465666661323465
66386138636237386466626536663839363331343636663134323532363834303932396539653636
61386464613133636535303132303634636265633035643734616535666134623339663934346362
38346365613464643366323561376532336464653463336564643035306230356561366634623963
31386634333162356338363932666631646564326434616333633962613963363163306562386264
38303262636632376439623061303165646339626639313235396532663632353266346362383730
34363663323336653966623933626561643264343062303934366661346235386664353065616532
36343130336461313937643232326165343035306234386662333061653438633366333363636532
38316236316661313330373538336564323130663632393934366439613933613530653265336464
34656665663639623532303336656533316238393062303132383435663263326437613939653561
66636438316236386535623832313134626666333432623465633630396531306462303763313635
39626130313438336337303564643761316437356137663761303433356635313939643737343335
63383639663339616363656464633236323732373837666366343161336362373534333330626134
62653639363039356539326461303330313036636663633665363335623863626166653561653230
35326462376439643339643965636265333830373162343461663261303935386637393664636362
61663031653762666361383637393165306361656530643539333864633665386561393035323764
62613539386337366232373538656664336164376638343635366333636536666633666562303634
32366264663764353661643038313939656464656539313361313565633265356437316531333538
38623534323631303532386337373131363332623432353239346236363938366533316366643663
30336538616539653438323931393263383366656335366563626565613036363966333863656135
62373435396163623831616130326165303739383035316336356338396166353537366134623736
38333264626332333261343063393236303637633963386461376361383964316639626638613438
62306463343162356337383163303139636363666536366530636264653465633662326632333739
30303337393465313937336334373233336561303835336336666665363962356364636231626331
31333139393339353231653133383161316235633164363061363462393339386663636131616232
63613334643965666332633731386564333465343834356536306530343462373664306134646335
39376130366261396266376366616632303065383231373131363336393531303739626566336639
64353861343734663939313866353765356631373164363665646565353263333664643561393833
66653434656435303065653466366463643433316461376264616364303235353236626564383466
61326538633563616230393461316261346330393433613164363739363239303335646362383037
32653464393161366130663564373336623538396639656134353066326364363061336238623161
38653765653231656563376266306437333234393461666166323133326365646561393230356237
37386532366137613565306331633533646330376561393631376439643138356132633063386365
65353664643565663762306230626634303736346361306564393063323436343239326435663365
35346534363962343932313738623634623737616465666539343230376361373336386465376564
36623638343138623464666162343263383836323264383432303463326663363063646562333263
66663365336234376364313236393766353335656335643862363132376131336539356166363263
38663431633865316635396262346334386435306437613438666131316236643534386334323635
30666362373538643331356162393532633463663162356537386366363533393862383133393035
64323937376132633636323364396332353361393466646538613530346561393566386130326161
62363436303334396365333537643361323962333136376534343332616530663532333635636465
39373464323736366436323532306336646235636561333330623832326634303363616230383137
33336162643564363337323435373065616635353033663961323934613336363834336237663633
38646664333265303237323966636234363461383833303163323233316365393765366363633438
38663138383236356332613964646162633138633063626436373735353862653134646335613666
35663530396662646537343466376236313033313065333234313836386663393330623235306466
38663736353665353261636533616632353464313864386261613733633732363164363339383536
36373631333531343265616432376134303861623231346663376231363766653632313530616265
34623164316536333136663764393333313061633563633736323662376537323339373333393738
36303964313636656161613666396632313163643432306465376138373165356430363739623866
35373466303439366333303531386137306361623065613064326438353136306566313434616239
36386261386532316537353439326235376466363438356362383437323139383064343337343865
62323233393238323066353461623039656564396361356335333730366537616434646464326538
37613864386632386235376464636266393631663736626434303335303338336335653236356461
32343564643137393432326135353739646366363763383439383632326536393630386630623839
35613635616338623364633661303732306538353534356534306632353537306134633065343835
32343738623661313732396462353538353265663762373166393833376262663663643762343138
36626164376563633262613564313066613733376265663238643239393832376432656662613338
64383334333934386239626330616565626338356666613037313238663739336461613662363535
37303736346266643766653938303330346430653031616166666662656333636161386333313164
61343263386132633531616463626239616539303434386264393263363934333830623137346637
38623361383331653830336632373864653333376236626437626239303730306562643165353961
62306434663834323638353233316565393964363233316363366261646431363430323063636365
34306334333262316630306536353837323532616634313336643636663535326165303666353563
39653132363632663239656664313563333463333531373434393633323961623435343334383265
33373164623932313930643739376331363238613763663434636132383730633539333031663934
62656163363839396431633961323939396331373766386565363131333230343761373036333161
38653565366564623336366530636535633835613931633265323432303237373930376564393736
64666233373664653964336264613637346266663930346338366637383564643962623261393738
66393131326637393138633365666137346636656535613535376361396635333366613437353431
37656562666136633538
